100	200
47.7898	0	0	0	0	0	0	0	0	0	0	0	0	0	0	0	0	0	0	0	0	0	0	0	0	0	0	0	0	0	0	0	0	0	0	0	0	0	0	0	0	0	0	0	0	0	0	0	0	0	0	0	0	0	0	0	0	0	0	0	0	0	0	0	0	0	0	0	0	0	0	0	0	0	0	0	0	0	0	0	0	0	0	0	0	0	0	0	0	0	0	0	0	0	0	0	0	0	0	0	0	0	0	0	0	0	0	0	0	0	0	0	0	0	0	0	0	0	0	0	0	0	0	0	0	0	0	0	0	0	0	0	0	0	0	0	0	0	0	0	0	0	0	0	0	0	0	0	0	0	0	0	0	0	0	0	0	0	0	0	0	0	0	0	0	0	0	0	0	0	0	0	0	0	0	0	0	0	0	0	0	0	0	0	0	0	0	0	0	0	0	0	0	0	0	0	0	0	0	0
0	0.629858	1.24725	1.84046	2.39917	2.91499	3.38184	3.79605	4.15635	4.46362	4.72056	4.93123	5.10062	5.2342	5.33751	5.41589	5.47422	5.51681	5.54733	5.56878	5.58359	5.59362	5.60028	5.60464	5.60743	5.60918	5.61027	5.61093	5.61133	5.61156	5.61169	5.61177	5.61181	5.61183	5.61184	5.61185	5.61185	5.61186	5.61186	5.61186	5.61186	5.61186	5.61186	5.61186	5.61186	5.61186	5.61186	5.61186	5.61186	5.61186	5.61186	5.61186	5.61186	5.61186	5.61186	5.61186	5.61187	5.61187	5.61188	5.6119	5.61191	5.61194	5.61198	5.61202	5.61209	5.61218	5.6123	5.61244	5.61263	5.61287	5.61316	5.61351	5.61393	5.61443	5.61501	5.61567	5.61642	5.61725	5.61817	5.61916	5.62022	5.62133	5.62249	5.62369	5.62489	5.62609	5.62728	5.62843	5.62953	5.63057	5.63154	5.63242	5.63322	5.63392	5.63452	5.63503	5.63545	5.63577	5.63599	5.63613	5.63617	5.63613	5.63599	5.63577	5.63545	5.63503	5.63452	5.63392	5.63322	5.63242	5.63154	5.63057	5.62953	5.62843	5.62728	5.62609	5.62489	5.62369	5.62249	5.62133	5.62022	5.61916	5.61817	5.61725	5.61642	5.61567	5.61501	5.61443	5.61393	5.61351	5.61316	5.61287	5.61263	5.61244	5.6123	5.61218	5.61209	5.61202	5.61198	5.61194	5.61191	5.6119	5.61188	5.61187	5.61187	5.61186	5.61186	5.61186	5.61186	5.61186	5.61186	5.61186	5.61186	5.61186	5.61186	5.61186	5.61186	5.61186	5.61186	5.61186	5.61186	5.61186	5.61186	5.61185	5.61185	5.61184	5.61183	5.61181	5.61177	5.61169	5.61156	5.61133	5.61093	5.61027	5.60918	5.60743	5.60464	5.60028	5.59362	5.58359	5.56878	5.54733	5.51681	5.47422	5.41589	5.33751	5.2342	5.10062	4.93123	4.72056	4.46362	4.15635	3.79605	3.38184	2.91499	2.39917	1.84046	1.24725	0.629858	0
0	1.24725	2.46983	3.64451	4.75086	5.77231	6.69676	7.51699	8.23046	8.83892	9.34771	9.76488	10.1003	10.3648	10.5694	10.7246	10.8401	10.9245	10.9849	11.0274	11.0567	11.0766	11.0898	11.0984	11.1039	11.1074	11.1095	11.1108	11.1116	11.1121	11.1123	11.1125	11.1126	11.1126	11.1126	11.1127	11.1127	11.1127	11.1127	11.1127	11.1127	11.1127	11.1127	11.1127	11.1127	11.1127	11.1127	11.1127	11.1127	11.1127	11.1127	11.1127	11.1127	11.1127	11.1127	11.1127	11.1127	11.1127	11.1127	11.1128	11.1128	11.1129	11.1129	11.113	11.1132	11.1134	11.1136	11.114	11.1144	11.1149	11.1155	11.1163	11.1172	11.1183	11.1195	11.121	11.1226	11.1244	11.1263	11.1284	11.1307	11.1331	11.1356	11.1381	11.1407	11.1432	11.1457	11.1482	11.1505	11.1527	11.1547	11.1566	11.1583	11.1597	11.161	11.1621	11.1629	11.1636	11.1641	11.1644	11.1645	11.1644	11.1641	11.1636	11.1629	11.1621	11.161	11.1597	11.1583	11.1566	11.1547	11.1527	11.1505	11.1482	11.1457	11.1432	11.1407	11.1381	11.1356	11.1331	11.1307	11.1284	11.1263	11.1244	11.1226	11.121	11.1195	11.1183	11.1172	11.1163	11.1155	11.1149	11.1144	11.114	11.1136	11.1134	11.1132	11.113	11.1129	11.1129	11.1128	11.1128	11.1127	11.1127	11.1127	11.1127	11.1127	11.1127	11.1127	11.1127	11.1127	11.1127	11.1127	11.1127	11.1127	11.1127	11.1127	11.1127	11.1127	11.1127	11.1127	11.1127	11.1127	11.1127	11.1127	11.1126	11.1126	11.1126	11.1125	11.1123	11.1121	11.1116	11.1108	11.1095	11.1074	11.1039	11.0984	11.0898	11.0766	11.0567	11.0274	10.9849	10.9245	10.8401	10.7246	10.5694	10.3648	10.1003	9.76488	9.34771	8.83892	8.23046	7.51699	6.69676	5.77231	4.75086	3.64451	2.46983	1.24725	0
0	1.84046	3.64451	5.37788	7.01043	8.51769	9.88183	11.0922	12.145	13.0428	13.7936	14.4092	14.9042	15.2945	15.5963	15.8254	15.9958	16.1203	16.2094	16.2721	16.3154	16.3447	16.3642	16.3769	16.3851	16.3902	16.3934	16.3953	16.3964	16.3971	16.3975	16.3977	16.3979	16.3979	16.398	16.398	16.398	16.398	16.398	16.398	16.398	16.398	16.398	16.398	16.398	16.398	16.398	16.398	16.398	16.398	16.398	16.398	16.398	16.398	16.398	16.398	16.398	16.3981	16.3981	16.3981	16.3982	16.3983	16.3985	16.3986	16.3989	16.3992	16.3997	16.4002	16.4009	16.4018	16.4029	16.4042	16.4058	16.4076	16.4097	16.4121	16.4148	16.4178	16.4211	16.4247	16.4284	16.4324	16.4365	16.4407	16.4449	16.4491	16.4533	16.4573	16.4611	16.4646	16.468	16.471	16.4737	16.4761	16.4781	16.4799	16.4813	16.4823	16.4831	16.4836	16.4837	16.4836	16.4831	16.4823	16.4813	16.4799	16.4781	16.4761	16.4737	16.471	16.468	16.4646	16.4611	16.4573	16.4533	16.4491	16.4449	16.4407	16.4365	16.4324	16.4284	16.4247	16.4211	16.4178	16.4148	16.4121	16.4097	16.4076	16.4058	16.4042	16.4029	16.4018	16.4009	16.4002	16.3997	16.3992	16.3989	16.3986	16.3985	16.3983	16.3982	16.3981	16.3981	16.3981	16.398	16.398	16.398	16.398	16.398	16.398	16.398	16.398	16.398	16.398	16.398	16.398	16.398	16.398	16.398	16.398	16.398	16.398	16.398	16.398	16.398	16.398	16.3979	16.3979	16.3977	16.3975	16.3971	16.3964	16.3953	16.3934	16.3902	16.3851	16.3769	16.3642	16.3447	16.3154	16.2721	16.2094	16.1203	15.9958	15.8254	15.5963	15.2945	14.9042	14.4092	13.7936	13.0428	12.145	11.0922	9.88183	8.51769	7.01043	5.37788	3.64451	1.84046	0
0	2.39917	4.75086	7.01043	9.13858	11.1034	12.8816	14.4594	15.8318	17.0022	17.9809	18.7834	19.4286	19.9374	20.3309	20.6295	20.8516	21.0139	21.1301	21.2118	21.2682	21.3064	21.3318	21.3484	21.359	21.3657	21.3699	21.3724	21.3739	21.3748	21.3753	21.3756	21.3757	21.3758	21.3759	21.3759	21.3759	21.3759	21.3759	21.3759	21.3759	21.3759	21.3759	21.3759	21.3759	21.3759	21.3759	21.3759	21.3759	21.3759	21.3759	21.3759	21.3759	21.3759	21.3759	21.376	21.376	21.376	21.3761	21.3762	21.3763	21.3764	21.3767	21.377	21.3774	21.3779	21.3786	21.3795	21.3806	21.382	21.3837	21.3858	21.3882	21.3911	21.3944	21.3981	21.4023	21.4069	21.412	21.4174	21.4232	21.4292	21.4354	21.4418	21.4481	21.4545	21.4606	21.4666	21.4723	21.4776	21.4825	21.487	21.491	21.4945	21.4975	21.5001	21.5021	21.5037	21.5048	21.5055	21.5057	21.5055	21.5048	21.5037	21.5021	21.5001	21.4975	21.4945	21.491	21.487	21.4825	21.4776	21.4723	21.4666	21.4606	21.4545	21.4481	21.4418	21.4354	21.4292	21.4232	21.4174	21.412	21.4069	21.4023	21.3981	21.3944	21.3911	21.3882	21.3858	21.3837	21.382	21.3806	21.3795	21.3786	21.3779	21.3774	21.377	21.3767	21.3764	21.3763	21.3762	21.3761	21.376	21.376	21.376	21.3759	21.3759	21.3759	21.3759	21.3759	21.3759	21.3759	21.3759	21.3759	21.3759	21.3759	21.3759	21.3759	21.3759	21.3759	21.3759	21.3759	21.3759	21.3759	21.3759	21.3758	21.3757	21.3756	21.3753	21.3748	21.3739	21.3724	21.3699	21.3657	21.359	21.3484	21.3318	21.3064	21.2682	21.2118	21.1301	21.0139	20.8516	20.6295	20.3309	19.9374	19.4286	18.7834	17.9809	17.0022	15.8318	14.4594	12.8816	11.1034	9.13858	7.01043	4.75086	2.39917	0
0	2.91499	5.77231	8.51769	11.1034	13.4906	15.6512	17.5682	19.2357	20.6577	21.8468	22.8218	23.6058	24.2239	24.7021	25.0648	25.3348	25.5319	25.6731	25.7724	25.8409	25.8873	25.9182	25.9383	25.9513	25.9594	25.9644	25.9675	25.9693	25.9704	25.971	25.9713	25.9715	25.9716	25.9717	25.9717	25.9717	25.9718	25.9718	25.9718	25.9718	25.9718	25.9718	25.9718	25.9718	25.9718	25.9718	25.9718	25.9718	25.9718	25.9718	25.9718	25.9718	25.9718	25.9718	25.9718	25.9719	25.9719	25.972	25.9721	25.9723	25.9726	25.9729	25.9734	25.974	25.9749	25.9759	25.9773	25.979	25.9811	25.9837	25.9868	25.9905	25.9948	25.9997	26.0053	26.0115	26.0183	26.0258	26.0338	26.0422	26.051	26.06	26.0692	26.0784	26.0875	26.0963	26.1048	26.1129	26.1204	26.1274	26.1337	26.1393	26.1443	26.1485	26.1521	26.1549	26.1571	26.1587	26.1596	26.1599	26.1596	26.1587	26.1571	26.1549	26.1521	26.1485	26.1443	26.1393	26.1337	26.1274	26.1204	26.1129	26.1048	26.0963	26.0875	26.0784	26.0692	26.06	26.051	26.0422	26.0338	26.0258	26.0183	26.0115	26.0053	25.9997	25.9948	25.9905	25.9868	25.9837	25.9811	25.979	25.9773	25.9759	25.9749	25.974	25.9734	25.9729	25.9726	25.9723	25.9721	25.972	25.9719	25.9719	25.9718	25.9718	25.9718	25.9718	25.9718	25.9718	25.9718	25.9718	25.9718	25.9718	25.9718	25.9718	25.9718	25.9718	25.9718	25.9718	25.9718	25.9718	25.9717	25.9717	25.9717	25.9716	25.9715	25.9713	25.971	25.9704	25.9693	25.9675	25.9644	25.9594	25.9513	25.9383	25.9182	25.8873	25.8409	25.7724	25.6731	25.5319	25.3348	25.0648	24.7021	24.2239	23.6058	22.8218	21.8468	20.6577	19.2357	17.5682	15.6512	13.4906	11.1034	8.51769	5.77231	2.91499	0
0	3.38184	6.69676	9.88183	12.8816	15.6512	18.1578	20.3818	22.3163	23.9661	25.3457	26.4768	27.3863	28.1035	28.6582	29.079	29.3922	29.6209	29.7848	29.9	29.9795	30.0333	30.0691	30.0925	30.1075	30.1169	30.1227	30.1263	30.1284	30.1296	30.1303	30.1308	30.131	30.1311	30.1312	30.1312	30.1312	30.1312	30.1312	30.1312	30.1312	30.1312	30.1312	30.1312	30.1312	30.1312	30.1312	30.1312	30.1312	30.1312	30.1313	30.1313	30.1313	30.1313	30.1313	30.1314	30.1314	30.1315	30.1316	30.1318	30.1321	30.1325	30.133	30.1337	30.1347	30.1359	30.1375	30.1396	30.1421	30.1453	30.1491	30.1537	30.1591	30.1654	30.1726	30.1807	30.1897	30.1996	30.2102	30.2217	30.2337	30.2461	30.2589	30.2718	30.2847	30.2974	30.3097	30.3215	30.3327	30.343	30.3526	30.3612	30.3689	30.3756	30.3814	30.3862	30.3901	30.393	30.3951	30.3964	30.3968	30.3964	30.3951	30.393	30.3901	30.3862	30.3814	30.3756	30.3689	30.3612	30.3526	30.343	30.3327	30.3215	30.3097	30.2974	30.2847	30.2718	30.2589	30.2461	30.2337	30.2217	30.2102	30.1996	30.1897	30.1807	30.1726	30.1654	30.1591	30.1537	30.1491	30.1453	30.1421	30.1396	30.1375	30.1359	30.1347	30.1337	30.133	30.1325	30.1321	30.1318	30.1316	30.1315	30.1314	30.1314	30.1313	30.1313	30.1313	30.1313	30.1313	30.1312	30.1312	30.1312	30.1312	30.1312	30.1312	30.1312	30.1312	30.1312	30.1312	30.1312	30.1312	30.1312	30.1312	30.1312	30.1311	30.131	30.1308	30.1303	30.1296	30.1284	30.1263	30.1227	30.1169	30.1075	30.0925	30.0691	30.0333	29.9795	29.9	29.7848	29.6209	29.3922	29.079	28.6582	28.1035	27.3863	26.4768	25.3457	23.9661	22.3163	20.3818	18.1578	15.6512	12.8816	9.88183	6.69676	3.38184	0
0	3.79605	7.51699	11.0922	14.4594	17.5682	20.3818	22.8782	25.0496	26.9015	28.45	29.7197	30.7406	31.5457	32.1683	32.6407	32.9922	33.2489	33.4328	33.5621	33.6514	33.7118	33.752	33.7782	33.795	33.8056	33.8122	33.8162	33.8185	33.8199	33.8207	33.8212	33.8214	33.8216	33.8217	33.8217	33.8217	33.8217	33.8217	33.8217	33.8217	33.8217	33.8217	33.8217	33.8217	33.8217	33.8217	33.8217	33.8217	33.8218	33.8218	33.8218	33.8218	33.8218	33.8219	33.8219	33.822	33.8221	33.8224	33.8226	33.8231	33.8236	33.8244	33.8255	33.8269	33.8287	33.8311	33.8341	33.8379	33.8425	33.848	33.8547	33.8625	33.8715	33.8818	33.8933	33.9061	33.9201	33.9351	33.9511	33.9679	33.9853	34.0029	34.0207	34.0384	34.0558	34.0725	34.0885	34.1036	34.1176	34.1304	34.142	34.1522	34.1612	34.1688	34.1751	34.1803	34.1842	34.187	34.1886	34.1891	34.1886	34.187	34.1842	34.1803	34.1751	34.1688	34.1612	34.1522	34.142	34.1304	34.1176	34.1036	34.0885	34.0725	34.0558	34.0384	34.0207	34.0029	33.9853	33.9679	33.9511	33.9351	33.9201	33.9061	33.8933	33.8818	33.8715	33.8625	33.8547	33.848	33.8425	33.8379	33.8341	33.8311	33.8287	33.8269	33.8255	33.8244	33.8236	33.8231	33.8226	33.8224	33.8221	33.822	33.8219	33.8219	33.8218	33.8218	33.8218	33.8218	33.8218	33.8217	33.8217	33.8217	33.8217	33.8217	33.8217	33.8217	33.8217	33.8217	33.8217	33.8217	33.8217	33.8217	33.8217	33.8216	33.8214	33.8212	33.8207	33.8199	33.8185	33.8162	33.8122	33.8056	33.795	33.7782	33.752	33.7118	33.6514	33.5621	33.4328	33.2489	32.9922	32.6407	32.1683	31.5457	30.7406	29.7197	28.45	26.9015	25.0496	22.8782	20.3818	17.5682	14.4594	11.0922	7.51699	3.79605	0
0	4.15635	8.23046	12.145	15.8318	19.2357	22.3163	25.0496	27.4272	29.4548	31.1503	32.5405	33.6583	34.5398	35.2215	35.7387	36.1236	36.4047	36.6061	36.7477	36.8454	36.9115	36.9555	36.9843	37.0027	37.0143	37.0214	37.0258	37.0284	37.0299	37.0308	37.0313	37.0316	37.0317	37.0318	37.0319	37.0319	37.0319	37.0319	37.0319	37.0319	37.0319	37.0319	37.0319	37.0319	37.0319	37.0319	37.0319	37.0319	37.0319	37.0319	37.0319	37.032	37.032	37.0321	37.0322	37.0323	37.0325	37.0328	37.0332	37.0339	37.0347	37.0359	37.0374	37.0395	37.0422	37.0456	37.05	37.0554	37.062	37.0699	37.0794	37.0905	37.1032	37.1177	37.1339	37.1517	37.1712	37.192	37.2141	37.2371	37.2608	37.2849	37.309	37.3328	37.3561	37.3785	37.3998	37.4198	37.4383	37.4552	37.4703	37.4837	37.4954	37.5053	37.5135	37.5202	37.5252	37.5288	37.5309	37.5316	37.5309	37.5288	37.5252	37.5202	37.5135	37.5053	37.4954	37.4837	37.4703	37.4552	37.4383	37.4198	37.3998	37.3785	37.3561	37.3328	37.309	37.2849	37.2608	37.2371	37.2141	37.192	37.1712	37.1517	37.1339	37.1177	37.1032	37.0905	37.0794	37.0699	37.062	37.0554	37.05	37.0456	37.0422	37.0395	37.0374	37.0359	37.0347	37.0339	37.0332	37.0328	37.0325	37.0323	37.0322	37.0321	37.032	37.032	37.0319	37.0319	37.0319	37.0319	37.0319	37.0319	37.0319	37.0319	37.0319	37.0319	37.0319	37.0319	37.0319	37.0319	37.0319	37.0319	37.0318	37.0317	37.0316	37.0313	37.0308	37.0299	37.0284	37.0258	37.0214	37.0143	37.0027	36.9843	36.9555	36.9115	36.8454	36.7477	36.6061	36.4047	36.1236	35.7387	35.2215	34.5398	33.6583	32.5405	31.1503	29.4548	27.4272	25.0496	22.3163	19.2357	15.8318	12.145	8.23046	4.15635	0
0	4.46362	8.83892	13.0428	17.0022	20.6577	23.9661	26.9015	29.4548	31.6324	33.4532	34.9462	36.1466	37.0932	37.8254	38.3808	38.7942	39.096	39.3123	39.4643	39.5693	39.6403	39.6876	39.7184	39.7382	39.7507	39.7584	39.763	39.7658	39.7675	39.7684	39.7689	39.7692	39.7694	39.7695	39.7695	39.7696	39.7696	39.7696	39.7696	39.7696	39.7696	39.7696	39.7696	39.7696	39.7696	39.7696	39.7696	39.7696	39.7696	39.7696	39.7696	39.7697	39.7697	39.7698	39.77	39.7702	39.7705	39.7709	39.7716	39.7725	39.7737	39.7754	39.7776	39.7806	39.7845	39.7894	39.7956	39.8032	39.8126	39.8238	39.8371	39.8525	39.8703	39.8903	39.9127	39.9373	39.9639	39.9923	40.0222	40.0533	40.0851	40.1173	40.1495	40.1811	40.2119	40.2413	40.2692	40.2953	40.3193	40.3411	40.3606	40.3778	40.3927	40.4054	40.4159	40.4243	40.4307	40.4352	40.4379	40.4388	40.4379	40.4352	40.4307	40.4243	40.4159	40.4054	40.3927	40.3778	40.3606	40.3411	40.3193	40.2953	40.2692	40.2413	40.2119	40.1811	40.1495	40.1173	40.0851	40.0533	40.0222	39.9923	39.9639	39.9373	39.9127	39.8903	39.8703	39.8525	39.8371	39.8238	39.8126	39.8032	39.7956	39.7894	39.7845	39.7806	39.7776	39.7754	39.7737	39.7725	39.7716	39.7709	39.7705	39.7702	39.77	39.7698	39.7697	39.7697	39.7696	39.7696	39.7696	39.7696	39.7696	39.7696	39.7696	39.7696	39.7696	39.7696	39.7696	39.7696	39.7696	39.7696	39.7696	39.7695	39.7695	39.7694	39.7692	39.7689	39.7684	39.7675	39.7658	39.763	39.7584	39.7507	39.7382	39.7184	39.6876	39.6403	39.5693	39.4643	39.3123	39.096	38.7942	38.3808	37.8254	37.0932	36.1466	34.9462	33.4532	31.6324	29.4548	26.9015	23.9661	20.6577	17.0022	13.0428	8.83892	4.46362	0
0	4.72056	9.34771	13.7936	17.9809	21.8468	25.3457	28.45	31.1503	33.4532	35.3789	36.9578	38.2273	39.2284	40.0027	40.5901	41.0273	41.3465	41.5752	41.736	41.8469	41.9221	41.9721	42.0047	42.0256	42.0388	42.0469	42.0519	42.0548	42.0566	42.0576	42.0581	42.0584	42.0586	42.0587	42.0588	42.0588	42.0588	42.0588	42.0588	42.0588	42.0588	42.0588	42.0588	42.0588	42.0588	42.0588	42.0588	42.0588	42.0588	42.0589	42.0589	42.059	42.059	42.0592	42.0594	42.0597	42.0601	42.0608	42.0617	42.063	42.0647	42.0671	42.0703	42.0746	42.08	42.0869	42.0956	42.1063	42.1193	42.1349	42.1533	42.1745	42.1989	42.2263	42.2567	42.2899	42.3258	42.3639	42.4039	42.4453	42.4874	42.5298	42.572	42.6133	42.6532	42.6914	42.7273	42.7607	42.7914	42.8191	42.8438	42.8655	42.8843	42.9002	42.9133	42.9238	42.9317	42.9374	42.9407	42.9418	42.9407	42.9374	42.9317	42.9238	42.9133	42.9002	42.8843	42.8655	42.8438	42.8191	42.7914	42.7607	42.7273	42.6914	42.6532	42.6133	42.572	42.5298	42.4874	42.4453	42.4039	42.3639	42.3258	42.2899	42.2567	42.2263	42.1989	42.1745	42.1533	42.1349	42.1193	42.1063	42.0956	42.0869	42.08	42.0746	42.0703	42.0671	42.0647	42.063	42.0617	42.0608	42.0601	42.0597	42.0594	42.0592	42.059	42.059	42.0589	42.0589	42.0588	42.0588	42.0588	42.0588	42.0588	42.0588	42.0588	42.0588	42.0588	42.0588	42.0588	42.0588	42.0588	42.0588	42.0587	42.0586	42.0584	42.0581	42.0576	42.0566	42.0548	42.0519	42.0469	42.0388	42.0256	42.0047	41.9721	41.9221	41.8469	41.736	41.5752	41.3465	41.0273	40.5901	40.0027	39.2284	38.2273	36.9578	35.3789	33.4532	31.1503	28.45	25.3457	21.8468	17.9809	13.7936	9.34771	4.72056	0
0	4.93123	9.76488	14.4092	18.7834	22.8218	26.4768	29.7197	32.5405	34.9462	36.9578	38.6071	39.9333	40.9791	41.7879	42.4016	42.8582	43.1917	43.4306	43.5986	43.7145	43.793	43.8452	43.8793	43.9012	43.9149	43.9234	43.9286	43.9317	43.9335	43.9345	43.9351	43.9355	43.9356	43.9357	43.9358	43.9358	43.9358	43.9358	43.9358	43.9358	43.9358	43.9358	43.9358	43.9358	43.9358	43.9358	43.9358	43.9359	43.9359	43.9359	43.936	43.936	43.9362	43.9364	43.9367	43.9371	43.9377	43.9386	43.9399	43.9418	43.9443	43.9476	43.9521	43.958	43.9656	43.9752	43.9872	44.002	44.0198	44.0411	44.0661	44.095	44.1279	44.1647	44.2055	44.2498	44.2975	44.3479	44.4005	44.4546	44.5096	44.5647	44.6191	44.6722	44.7233	44.7719	44.8174	44.8596	44.8981	44.9328	44.9636	44.9905	45.0137	45.0333	45.0494	45.0622	45.072	45.0789	45.0829	45.0843	45.0829	45.0789	45.072	45.0622	45.0494	45.0333	45.0137	44.9905	44.9636	44.9328	44.8981	44.8596	44.8174	44.7719	44.7233	44.6722	44.6191	44.5647	44.5096	44.4546	44.4005	44.3479	44.2975	44.2498	44.2055	44.1647	44.1279	44.095	44.0661	44.0411	44.0198	44.002	43.9872	43.9752	43.9656	43.958	43.9521	43.9476	43.9443	43.9418	43.9399	43.9386	43.9377	43.9371	43.9367	43.9364	43.9362	43.936	43.936	43.9359	43.9359	43.9359	43.9358	43.9358	43.9358	43.9358	43.9358	43.9358	43.9358	43.9358	43.9358	43.9358	43.9358	43.9358	43.9357	43.9356	43.9355	43.9351	43.9345	43.9335	43.9317	43.9286	43.9234	43.9149	43.9012	43.8793	43.8452	43.793	43.7145	43.5986	43.4306	43.1917	42.8582	42.4016	41.7879	40.9791	39.9333	38.6071	36.9578	34.9462	32.5405	29.7197	26.4768	22.8218	18.7834	14.4092	9.76488	4.93123	0
0	5.10062	10.1003	14.9042	19.4286	23.6058	27.3863	30.7406	33.6583	36.1466	38.2273	39.9333	41.3051	42.3868	43.2234	43.8581	44.3305	44.6754	44.9225	45.0962	45.2161	45.2974	45.3513	45.3866	45.4092	45.4234	45.4322	45.4376	45.4408	45.4426	45.4437	45.4443	45.4447	45.4449	45.445	45.445	45.445	45.4451	45.4451	45.4451	45.4451	45.4451	45.4451	45.4451	45.4451	45.4451	45.4451	45.4451	45.4451	45.4451	45.4452	45.4453	45.4454	45.4456	45.4458	45.4462	45.4469	45.4478	45.449	45.4509	45.4534	45.4569	45.4616	45.4678	45.4759	45.4863	45.4994	45.5158	45.5358	45.56	45.5886	45.6222	45.6608	45.7045	45.7534	45.8072	45.8655	45.9279	45.9936	46.0618	46.1317	46.2023	46.2727	46.342	46.4092	46.4736	46.5345	46.5914	46.6437	46.6913	46.7341	46.7718	46.8047	46.833	46.8567	46.8761	46.8916	46.9034	46.9116	46.9164	46.918	46.9164	46.9116	46.9034	46.8916	46.8761	46.8567	46.833	46.8047	46.7718	46.7341	46.6913	46.6437	46.5914	46.5345	46.4736	46.4092	46.342	46.2727	46.2023	46.1317	46.0618	45.9936	45.9279	45.8655	45.8072	45.7534	45.7045	45.6608	45.6222	45.5886	45.56	45.5358	45.5158	45.4994	45.4863	45.4759	45.4678	45.4616	45.4569	45.4534	45.4509	45.449	45.4478	45.4469	45.4462	45.4458	45.4456	45.4454	45.4453	45.4452	45.4451	45.4451	45.4451	45.4451	45.4451	45.4451	45.4451	45.4451	45.4451	45.4451	45.4451	45.4451	45.445	45.445	45.445	45.4449	45.4447	45.4443	45.4437	45.4426	45.4408	45.4376	45.4322	45.4234	45.4092	45.3866	45.3513	45.2974	45.2161	45.0962	44.9225	44.6754	44.3305	43.8581	43.2234	42.3868	41.3051	39.9333	38.2273	36.1466	33.6583	30.7406	27.3863	23.6058	19.4286	14.9042	10.1003	5.10062	0
0	5.2342	10.3648	15.2945	19.9374	24.2239	28.1035	31.5457	34.5398	37.0932	39.2284	40.9791	42.3868	43.4968	44.3553	45.0067	45.4914	45.8453	46.0989	46.2772	46.4003	46.4836	46.539	46.5752	46.5984	46.613	46.622	46.6275	46.6308	46.6327	46.6338	46.6344	46.6348	46.635	46.6351	46.6351	46.6352	46.6352	46.6352	46.6352	46.6352	46.6352	46.6352	46.6352	46.6352	46.6352	46.6352	46.6352	46.6352	46.6353	46.6354	46.6355	46.6356	46.6359	46.6363	46.6368	46.6377	46.6389	46.6407	46.6432	46.6467	46.6515	46.6579	46.6663	46.6773	46.6914	46.7091	46.7311	46.7579	46.7901	46.8282	46.8725	46.9234	46.9808	47.0447	47.1147	47.1903	47.2707	47.3551	47.4423	47.5312	47.6206	47.7093	47.7962	47.8801	47.96	48.0353	48.1052	48.1693	48.2273	48.279	48.3246	48.3642	48.398	48.4263	48.4494	48.4677	48.4816	48.4913	48.4971	48.4989	48.4971	48.4913	48.4816	48.4677	48.4494	48.4263	48.398	48.3642	48.3246	48.279	48.2273	48.1693	48.1052	48.0353	47.96	47.8801	47.7962	47.7093	47.6206	47.5312	47.4423	47.3551	47.2707	47.1903	47.1147	47.0447	46.9808	46.9234	46.8725	46.8282	46.7901	46.7579	46.7311	46.7091	46.6914	46.6773	46.6663	46.6579	46.6515	46.6467	46.6432	46.6407	46.6389	46.6377	46.6368	46.6363	46.6359	46.6356	46.6355	46.6354	46.6353	46.6352	46.6352	46.6352	46.6352	46.6352	46.6352	46.6352	46.6352	46.6352	46.6352	46.6352	46.6352	46.6351	46.6351	46.635	46.6348	46.6344	46.6338	46.6327	46.6308	46.6275	46.622	46.613	46.5984	46.5752	46.539	46.4836	46.4003	46.2772	46.0989	45.8453	45.4914	45.0067	44.3553	43.4968	42.3868	40.9791	39.2284	37.0932	34.5398	31.5457	28.1035	24.2239	19.9374	15.2945	10.3648	5.2342	0
0	5.33751	10.5694	15.5963	20.3309	24.7021	28.6582	32.1683	35.2215	37.8254	40.0027	41.7879	43.2234	44.3553	45.2308	45.895	46.3893	46.7502	47.0088	47.1906	47.3161	47.4011	47.4576	47.4945	47.5181	47.533	47.5422	47.5478	47.5512	47.5531	47.5542	47.5549	47.5552	47.5554	47.5555	47.5556	47.5556	47.5556	47.5556	47.5557	47.5557	47.5557	47.5557	47.5557	47.5557	47.5557	47.5557	47.5557	47.5557	47.5558	47.5559	47.556	47.5563	47.5566	47.5571	47.5579	47.5591	47.5608	47.5633	47.5667	47.5714	47.5778	47.5864	47.5978	47.6125	47.6312	47.6548	47.6838	47.7192	47.7615	47.8114	47.8692	47.9353	48.0096	48.0919	48.1817	48.2783	48.3805	48.4873	48.5972	48.7088	48.8204	48.9306	49.038	49.1412	49.239	49.3307	49.4154	49.4927	49.5623	49.6241	49.6783	49.7252	49.765	49.7982	49.8252	49.8466	49.8628	49.8741	49.8807	49.8829	49.8807	49.8741	49.8628	49.8466	49.8252	49.7982	49.765	49.7252	49.6783	49.6241	49.5623	49.4927	49.4154	49.3307	49.239	49.1412	49.038	48.9306	48.8204	48.7088	48.5972	48.4873	48.3805	48.2783	48.1817	48.0919	48.0096	47.9353	47.8692	47.8114	47.7615	47.7192	47.6838	47.6548	47.6312	47.6125	47.5978	47.5864	47.5778	47.5714	47.5667	47.5633	47.5608	47.5591	47.5579	47.5571	47.5566	47.5563	47.556	47.5559	47.5558	47.5557	47.5557	47.5557	47.5557	47.5557	47.5557	47.5557	47.5557	47.5557	47.5556	47.5556	47.5556	47.5556	47.5555	47.5554	47.5552	47.5549	47.5542	47.5531	47.5512	47.5478	47.5422	47.533	47.5181	47.4945	47.4576	47.4011	47.3161	47.1906	47.0088	46.7502	46.3893	45.895	45.2308	44.3553	43.2234	41.7879	40.0027	37.8254	35.2215	32.1683	28.6582	24.7021	20.3309	15.5963	10.5694	5.33751	0
0	5.41589	10.7246	15.8254	20.6295	25.0648	29.079	32.6407	35.7387	38.3808	40.5901	42.4016	43.8581	45.0067	45.895	46.5689	47.0705	47.4367	47.6991	47.8836	48.0109	48.0971	48.1545	48.1919	48.2159	48.231	48.2403	48.246	48.2494	48.2514	48.2525	48.2532	48.2536	48.2537	48.2539	48.2539	48.2539	48.254	48.254	48.254	48.254	48.254	48.254	48.254	48.254	48.254	48.254	48.254	48.2541	48.2542	48.2543	48.2545	48.2548	48.2553	48.256	48.2571	48.2587	48.261	48.2643	48.2688	48.2752	48.2837	48.2952	48.3102	48.3295	48.3542	48.385	48.423	48.4689	48.5238	48.5881	48.6625	48.7471	48.8419	48.9464	49.06	49.1816	49.3099	49.4432	49.5798	49.7178	49.8553	49.9903	50.1212	50.2464	50.3645	50.4746	50.5758	50.6677	50.75	50.8229	50.8864	50.941	50.9872	51.0256	51.0568	51.0814	51.0999	51.1128	51.1204	51.1229	51.1204	51.1128	51.0999	51.0814	51.0568	51.0256	50.9872	50.941	50.8864	50.8229	50.75	50.6677	50.5758	50.4746	50.3645	50.2464	50.1212	49.9903	49.8553	49.7178	49.5798	49.4432	49.3099	49.1816	49.06	48.9464	48.8419	48.7471	48.6625	48.5881	48.5238	48.4689	48.423	48.385	48.3542	48.3295	48.3102	48.2952	48.2837	48.2752	48.2688	48.2643	48.261	48.2587	48.2571	48.256	48.2553	48.2548	48.2545	48.2543	48.2542	48.2541	48.254	48.254	48.254	48.254	48.254	48.254	48.254	48.254	48.254	48.254	48.2539	48.2539	48.2539	48.2537	48.2536	48.2532	48.2525	48.2514	48.2494	48.246	48.2403	48.231	48.2159	48.1919	48.1545	48.0971	48.0109	47.8836	47.6991	47.4367	47.0705	46.5689	45.895	45.0067	43.8581	42.4016	40.5901	38.3808	35.7387	32.6407	29.079	25.0648	20.6295	15.8254	10.7246	5.41589	0
0	5.47422	10.8401	15.9958	20.8516	25.3348	29.3922	32.9922	36.1236	38.7942	41.0273	42.8582	44.3305	45.4914	46.3893	47.0705	47.5774	47.9476	48.2128	48.3993	48.528	48.6152	48.6731	48.7109	48.7352	48.7505	48.7599	48.7656	48.7691	48.7711	48.7722	48.7729	48.7733	48.7735	48.7736	48.7736	48.7737	48.7737	48.7737	48.7737	48.7737	48.7737	48.7737	48.7737	48.7737	48.7737	48.7737	48.7738	48.7738	48.7739	48.7741	48.7744	48.7748	48.7755	48.7764	48.7779	48.78	48.7831	48.7874	48.7935	48.8018	48.8131	48.828	48.8476	48.8728	48.9047	48.9445	48.9933	49.0523	49.1223	49.2042	49.2985	49.4053	49.5245	49.6555	49.7973	49.9484	50.1071	50.2713	50.4388	50.6072	50.7742	50.9374	51.0949	51.2448	51.3855	51.5159	51.6352	51.743	51.8391	51.9237	51.9971	52.0599	52.1128	52.1566	52.1921	52.2199	52.2408	52.2553	52.2638	52.2667	52.2638	52.2553	52.2408	52.2199	52.1921	52.1566	52.1128	52.0599	51.9971	51.9237	51.8391	51.743	51.6352	51.5159	51.3855	51.2448	51.0949	50.9374	50.7742	50.6072	50.4388	50.2713	50.1071	49.9484	49.7973	49.6555	49.5245	49.4053	49.2985	49.2042	49.1223	49.0523	48.9933	48.9445	48.9047	48.8728	48.8476	48.828	48.8131	48.8018	48.7935	48.7874	48.7831	48.78	48.7779	48.7764	48.7755	48.7748	48.7744	48.7741	48.7739	48.7738	48.7738	48.7737	48.7737	48.7737	48.7737	48.7737	48.7737	48.7737	48.7737	48.7737	48.7737	48.7736	48.7736	48.7735	48.7733	48.7729	48.7722	48.7711	48.7691	48.7656	48.7599	48.7505	48.7352	48.7109	48.6731	48.6152	48.528	48.3993	48.2128	47.9476	47.5774	47.0705	46.3893	45.4914	44.3305	42.8582	41.0273	38.7942	36.1236	32.9922	29.3922	25.3348	20.8516	15.9958	10.8401	5.47422	0
0	5.51681	10.9245	16.1203	21.0139	25.5319	29.6209	33.2489	36.4047	39.096	41.3465	43.1917	44.6754	45.8453	46.7502	47.4367	47.9476	48.3207	48.588	48.7759	48.9056	48.9934	49.0518	49.0899	49.1144	49.1298	49.1393	49.1451	49.1485	49.1505	49.1517	49.1524	49.1527	49.1529	49.1531	49.1531	49.1531	49.1532	49.1532	49.1532	49.1532	49.1532	49.1532	49.1532	49.1532	49.1532	49.1532	49.1533	49.1534	49.1535	49.1538	49.1541	49.1547	49.1555	49.1568	49.1587	49.1615	49.1656	49.1712	49.1792	49.19	49.2045	49.2239	49.249	49.2814	49.3222	49.3728	49.4348	49.5093	49.5975	49.7003	49.8181	49.9512	50.0992	50.2611	50.4355	50.6208	50.8145	51.0141	51.2168	51.4196	51.6198	51.8147	52.0017	52.1788	52.3442	52.4968	52.6358	52.7606	52.8713	52.9683	53.052	53.1233	53.1832	53.2325	53.2722	53.3033	53.3266	53.3427	53.3521	53.3552	53.3521	53.3427	53.3266	53.3033	53.2722	53.2325	53.1832	53.1233	53.052	52.9683	52.8713	52.7606	52.6358	52.4968	52.3442	52.1788	52.0017	51.8147	51.6198	51.4196	51.2168	51.0141	50.8145	50.6208	50.4355	50.2611	50.0992	49.9512	49.8181	49.7003	49.5975	49.5093	49.4348	49.3728	49.3222	49.2814	49.249	49.2239	49.2045	49.19	49.1792	49.1712	49.1656	49.1615	49.1587	49.1568	49.1555	49.1547	49.1541	49.1538	49.1535	49.1534	49.1533	49.1532	49.1532	49.1532	49.1532	49.1532	49.1532	49.1532	49.1532	49.1532	49.1531	49.1531	49.1531	49.1529	49.1527	49.1524	49.1517	49.1505	49.1485	49.1451	49.1393	49.1298	49.1144	49.0899	49.0518	48.9934	48.9056	48.7759	48.588	48.3207	47.9476	47.4367	46.7502	45.8453	44.6754	43.1917	41.3465	39.096	36.4047	33.2489	29.6209	25.5319	21.0139	16.1203	10.9245	5.51681	0
0	5.54733	10.9849	16.2094	21.1301	25.6731	29.7848	33.4328	36.6061	39.3123	41.5752	43.4306	44.9225	46.0989	47.0088	47.6991	48.2128	48.588	48.8567	49.0457	49.1761	49.2644	49.3231	49.3615	49.3861	49.4015	49.4111	49.4169	49.4204	49.4224	49.4236	49.4243	49.4246	49.4248	49.4249	49.425	49.425	49.425	49.4251	49.4251	49.4251	49.4251	49.4251	49.4251	49.4251	49.4251	49.4252	49.4252	49.4253	49.4255	49.4258	49.4263	49.427	49.4282	49.4299	49.4324	49.436	49.4412	49.4485	49.4587	49.4726	49.4912	49.5158	49.5477	49.5886	49.64	49.7036	49.7812	49.8741	49.9837	50.1109	50.2563	50.4199	50.601	50.7984	51.0103	51.2344	51.4678	51.7073	51.9494	52.1907	52.4278	52.6574	52.8767	53.0835	53.2757	53.4521	53.6119	53.7548	53.8809	53.9907	54.0852	54.1652	54.232	54.2868	54.3309	54.3652	54.3908	54.4084	54.4188	54.4222	54.4188	54.4084	54.3908	54.3652	54.3309	54.2868	54.232	54.1652	54.0852	53.9907	53.8809	53.7548	53.6119	53.4521	53.2757	53.0835	52.8767	52.6574	52.4278	52.1907	51.9494	51.7073	51.4678	51.2344	51.0103	50.7984	50.601	50.4199	50.2563	50.1109	49.9837	49.8741	49.7812	49.7036	49.64	49.5886	49.5477	49.5158	49.4912	49.4726	49.4587	49.4485	49.4412	49.436	49.4324	49.4299	49.4282	49.427	49.4263	49.4258	49.4255	49.4253	49.4252	49.4252	49.4251	49.4251	49.4251	49.4251	49.4251	49.4251	49.4251	49.425	49.425	49.425	49.4249	49.4248	49.4246	49.4243	49.4236	49.4224	49.4204	49.4169	49.4111	49.4015	49.3861	49.3615	49.3231	49.2644	49.1761	49.0457	48.8567	48.588	48.2128	47.6991	47.0088	46.0989	44.9225	43.4306	41.5752	39.3123	36.6061	33.4328	29.7848	25.6731	21.1301	16.2094	10.9849	5.54733	0
0	5.56878	11.0274	16.2721	21.2118	25.7724	29.9	33.5621	36.7477	39.4643	41.736	43.5986	45.0962	46.2772	47.1906	47.8836	48.3993	48.7759	49.0457	49.2354	49.3663	49.4549	49.5139	49.5524	49.5771	49.5926	49.6022	49.608	49.6115	49.6136	49.6147	49.6154	49.6158	49.616	49.6161	49.6162	49.6162	49.6162	49.6162	49.6162	49.6162	49.6162	49.6162	49.6162	49.6163	49.6163	49.6164	49.6164	49.6166	49.6168	49.6172	49.6179	49.6188	49.6203	49.6224	49.6257	49.6303	49.637	49.6463	49.6592	49.6768	49.7002	49.7311	49.7711	49.8221	49.886	49.9648	50.0605	50.1748	50.3092	50.4646	50.6416	50.8399	51.0587	51.2963	51.5504	51.8181	52.0957	52.3795	52.6651	52.9486	53.2259	53.4933	53.7477	53.9863	54.2071	54.4087	54.5905	54.7523	54.8943	55.0174	55.1228	55.2117	55.2855	55.3458	55.3941	55.4316	55.4594	55.4786	55.4899	55.4936	55.4899	55.4786	55.4594	55.4316	55.3941	55.3458	55.2855	55.2117	55.1228	55.0174	54.8943	54.7523	54.5905	54.4087	54.2071	53.9863	53.7477	53.4933	53.2259	52.9486	52.6651	52.3795	52.0957	51.8181	51.5504	51.2963	51.0587	50.8399	50.6416	50.4646	50.3092	50.1748	50.0605	49.9648	49.886	49.8221	49.7711	49.7311	49.7002	49.6768	49.6592	49.6463	49.637	49.6303	49.6257	49.6224	49.6203	49.6188	49.6179	49.6172	49.6168	49.6166	49.6164	49.6164	49.6163	49.6163	49.6162	49.6162	49.6162	49.6162	49.6162	49.6162	49.6162	49.6162	49.6161	49.616	49.6158	49.6154	49.6147	49.6136	49.6115	49.608	49.6022	49.5926	49.5771	49.5524	49.5139	49.4549	49.3663	49.2354	49.0457	48.7759	48.3993	47.8836	47.1906	46.2772	45.0962	43.5986	41.736	39.4643	36.7477	33.5621	29.9	25.7724	21.2118	16.2721	11.0274	5.56878	0
0	5.58359	11.0567	16.3154	21.2682	25.8409	29.9795	33.6514	36.8454	39.5693	41.8469	43.7145	45.2161	46.4003	47.3161	48.0109	48.528	48.9056	49.1761	49.3663	49.4975	49.5864	49.6455	49.6841	49.7089	49.7244	49.7341	49.7399	49.7434	49.7455	49.7467	49.7473	49.7477	49.7479	49.748	49.7481	49.7481	49.7481	49.7481	49.7481	49.7481	49.7481	49.7481	49.7482	49.7482	49.7482	49.7483	49.7484	49.7486	49.7489	49.7494	49.7502	49.7515	49.7533	49.7561	49.7602	49.7661	49.7745	49.7862	49.8023	49.8242	49.8534	49.8917	49.9411	50.0039	50.0823	50.1786	50.2952	50.434	50.5965	50.7839	50.9965	51.2339	51.4948	51.7772	52.078	52.3937	52.7199	53.052	53.3851	53.7142	54.0349	54.3428	54.6344	54.9068	55.1578	55.386	55.5907	55.772	55.9305	56.0672	56.1837	56.2815	56.3624	56.4282	56.4807	56.5212	56.5513	56.572	56.5841	56.5881	56.5841	56.572	56.5513	56.5212	56.4807	56.4282	56.3624	56.2815	56.1837	56.0672	55.9305	55.772	55.5907	55.386	55.1578	54.9068	54.6344	54.3428	54.0349	53.7142	53.3851	53.052	52.7199	52.3937	52.078	51.7772	51.4948	51.2339	50.9965	50.7839	50.5965	50.434	50.2952	50.1786	50.0823	50.0039	49.9411	49.8917	49.8534	49.8242	49.8023	49.7862	49.7745	49.7661	49.7602	49.7561	49.7533	49.7515	49.7502	49.7494	49.7489	49.7486	49.7484	49.7483	49.7482	49.7482	49.7482	49.7481	49.7481	49.7481	49.7481	49.7481	49.7481	49.7481	49.748	49.7479	49.7477	49.7473	49.7467	49.7455	49.7434	49.7399	49.7341	49.7244	49.7089	49.6841	49.6455	49.5864	49.4975	49.3663	49.1761	48.9056	48.528	48.0109	47.3161	46.4003	45.2161	43.7145	41.8469	39.5693	36.8454	33.6514	29.9795	25.8409	21.2682	16.3154	11.0567	5.58359	0
0	5.59362	11.0766	16.3447	21.3064	25.8873	30.0333	33.7118	36.9115	39.6403	41.9221	43.793	45.2974	46.4836	47.4011	48.0971	48.6152	48.9934	49.2644	49.4549	49.5864	49.6755	49.7347	49.7734	49.7981	49.8137	49.8234	49.8293	49.8328	49.8348	49.836	49.8367	49.837	49.8372	49.8374	49.8374	49.8374	49.8375	49.8375	49.8375	49.8375	49.8375	49.8375	49.8375	49.8376	49.8376	49.8377	49.8379	49.8381	49.8385	49.8392	49.8402	49.8417	49.8441	49.8476	49.8527	49.86	49.8704	49.885	49.905	49.9319	49.9678	50.0146	50.0748	50.1511	50.246	50.3623	50.5025	50.6687	50.8629	51.0858	51.3379	51.6185	51.9258	52.2571	52.609	52.9768	53.3555	53.7397	54.1235	54.5014	54.8682	55.219	55.55	55.8578	56.1403	56.396	56.6245	56.826	57.0014	57.1521	57.2799	57.3868	57.4748	57.5462	57.6028	57.6464	57.6787	57.7009	57.7138	57.7181	57.7138	57.7009	57.6787	57.6464	57.6028	57.5462	57.4748	57.3868	57.2799	57.1521	57.0014	56.826	56.6245	56.396	56.1403	55.8578	55.55	55.219	54.8682	54.5014	54.1235	53.7397	53.3555	52.9768	52.609	52.2571	51.9258	51.6185	51.3379	51.0858	50.8629	50.6687	50.5025	50.3623	50.246	50.1511	50.0748	50.0146	49.9678	49.9319	49.905	49.885	49.8704	49.86	49.8527	49.8476	49.8441	49.8417	49.8402	49.8392	49.8385	49.8381	49.8379	49.8377	49.8376	49.8376	49.8375	49.8375	49.8375	49.8375	49.8375	49.8375	49.8374	49.8374	49.8374	49.8372	49.837	49.8367	49.836	49.8348	49.8328	49.8293	49.8234	49.8137	49.7981	49.7734	49.7347	49.6755	49.5864	49.4549	49.2644	48.9934	48.6152	48.0971	47.4011	46.4836	45.2974	43.793	41.9221	39.6403	36.9115	33.7118	30.0333	25.8873	21.3064	16.3447	11.0766	5.59362	0
0	5.60028	11.0898	16.3642	21.3318	25.9182	30.0691	33.752	36.9555	39.6876	41.9721	43.8452	45.3513	46.539	47.4576	48.1545	48.6731	49.0518	49.3231	49.5139	49.6455	49.7347	49.794	49.8327	49.8575	49.8731	49.8828	49.8887	49.8922	49.8942	49.8954	49.8961	49.8965	49.8967	49.8968	49.8968	49.8969	49.8969	49.8969	49.8969	49.8969	49.8969	49.8969	49.8969	49.897	49.8971	49.8972	49.8974	49.8977	49.8982	49.899	49.9003	49.9022	49.9051	49.9095	49.9158	49.9248	49.9377	49.9555	49.9798	50.0126	50.056	50.1126	50.1851	50.2765	50.39	50.5285	50.6949	50.8917	51.1206	51.3826	51.6779	52.0053	52.3628	52.747	53.1536	53.5772	54.0118	54.4512	54.8887	55.318	55.7331	56.1288	56.5007	56.8455	57.1606	57.4449	57.698	57.9203	58.1131	58.2781	58.4175	58.5337	58.629	58.7061	58.767	58.8138	58.8484	58.8721	58.8859	58.8904	58.8859	58.8721	58.8484	58.8138	58.767	58.7061	58.629	58.5337	58.4175	58.2781	58.1131	57.9203	57.698	57.4449	57.1606	56.8455	56.5007	56.1288	55.7331	55.318	54.8887	54.4512	54.0118	53.5772	53.1536	52.747	52.3628	52.0053	51.6779	51.3826	51.1206	50.8917	50.6949	50.5285	50.39	50.2765	50.1851	50.1126	50.056	50.0126	49.9798	49.9555	49.9377	49.9248	49.9158	49.9095	49.9051	49.9022	49.9003	49.899	49.8982	49.8977	49.8974	49.8972	49.8971	49.897	49.8969	49.8969	49.8969	49.8969	49.8969	49.8969	49.8969	49.8968	49.8968	49.8967	49.8965	49.8961	49.8954	49.8942	49.8922	49.8887	49.8828	49.8731	49.8575	49.8327	49.794	49.7347	49.6455	49.5139	49.3231	49.0518	48.6731	48.1545	47.4576	46.539	45.3513	43.8452	41.9721	39.6876	36.9555	33.752	30.0691	25.9182	21.3318	16.3642	11.0898	5.60028	0
0	5.60464	11.0984	16.3769	21.3484	25.9383	30.0925	33.7782	36.9843	39.7184	42.0047	43.8793	45.3866	46.5752	47.4945	48.1919	48.7109	49.0899	49.3615	49.5524	49.6841	49.7734	49.8327	49.8714	49.8963	49.9119	49.9216	49.9274	49.9309	49.933	49.9342	49.9349	49.9352	49.9354	49.9356	49.9356	49.9356	49.9357	49.9357	49.9357	49.9357	49.9357	49.9357	49.9357	49.9358	49.9359	49.936	49.9363	49.9367	49.9373	49.9383	49.9399	49.9423	49.9459	49.9512	49.9589	49.9699	49.9855	50.007	50.0364	50.0757	50.1277	50.1952	50.2813	50.3896	50.5236	50.6865	50.8817	51.1116	51.3781	51.6823	52.024	52.4016	52.8126	53.2528	53.7171	54.1994	54.6928	55.1899	55.6834	56.1661	56.6314	57.0736	57.4879	57.8707	58.2196	58.5334	58.8118	59.0556	59.2664	59.4463	59.5978	59.7237	59.8267	59.9097	59.9752	60.0255	60.0625	60.0878	60.1025	60.1074	60.1025	60.0878	60.0625	60.0255	59.9752	59.9097	59.8267	59.7237	59.5978	59.4463	59.2664	59.0556	58.8118	58.5334	58.2196	57.8707	57.4879	57.0736	56.6314	56.1661	55.6834	55.1899	54.6928	54.1994	53.7171	53.2528	52.8126	52.4016	52.024	51.6823	51.3781	51.1116	50.8817	50.6865	50.5236	50.3896	50.2813	50.1952	50.1277	50.0757	50.0364	50.007	49.9855	49.9699	49.9589	49.9512	49.9459	49.9423	49.9399	49.9383	49.9373	49.9367	49.9363	49.936	49.9359	49.9358	49.9357	49.9357	49.9357	49.9357	49.9357	49.9357	49.9356	49.9356	49.9356	49.9354	49.9352	49.9349	49.9342	49.933	49.9309	49.9274	49.9216	49.9119	49.8963	49.8714	49.8327	49.7734	49.6841	49.5524	49.3615	49.0899	48.7109	48.1919	47.4945	46.5752	45.3866	43.8793	42.0047	39.7184	36.9843	33.7782	30.0925	25.9383	21.3484	16.3769	11.0984	5.60464	0
0	5.60743	11.1039	16.3851	21.359	25.9513	30.1075	33.795	37.0027	39.7382	42.0256	43.9012	45.4092	46.5984	47.5181	48.2159	48.7352	49.1144	49.3861	49.5771	49.7089	49.7981	49.8575	49.8963	49.9211	49.9368	49.9464	49.9523	49.9558	49.9579	49.9591	49.9597	49.9601	49.9603	49.9604	49.9605	49.9605	49.9605	49.9605	49.9605	49.9606	49.9606	49.9606	49.9606	49.9607	49.9608	49.961	49.9613	49.9618	49.9626	49.9638	49.9657	49.9686	49.973	49.9794	49.9887	50.002	50.0206	50.0464	50.0813	50.128	50.1894	50.2689	50.3701	50.4968	50.653	50.8424	51.0684	51.3339	51.6406	51.9896	52.3802	52.8107	53.2777	53.7764	54.3009	54.8441	55.3982	55.9549	56.506	57.0435	57.5604	58.0502	58.508	58.9299	59.3136	59.6577	59.9623	60.2285	60.4581	60.6537	60.818	60.9543	61.0656	61.1552	61.2258	61.2799	61.3196	61.3468	61.3626	61.3678	61.3626	61.3468	61.3196	61.2799	61.2258	61.1552	61.0656	60.9543	60.818	60.6537	60.4581	60.2285	59.9623	59.6577	59.3136	58.9299	58.508	58.0502	57.5604	57.0435	56.506	55.9549	55.3982	54.8441	54.3009	53.7764	53.2777	52.8107	52.3802	51.9896	51.6406	51.3339	51.0684	50.8424	50.653	50.4968	50.3701	50.2689	50.1894	50.128	50.0813	50.0464	50.0206	50.002	49.9887	49.9794	49.973	49.9686	49.9657	49.9638	49.9626	49.9618	49.9613	49.961	49.9608	49.9607	49.9606	49.9606	49.9606	49.9605	49.9605	49.9605	49.9605	49.9605	49.9604	49.9603	49.9601	49.9597	49.9591	49.9579	49.9558	49.9523	49.9464	49.9368	49.9211	49.8963	49.8575	49.7981	49.7089	49.5771	49.3861	49.1144	48.7352	48.2159	47.5181	46.5984	45.4092	43.9012	42.0256	39.7382	37.0027	33.795	30.1075	25.9513	21.359	16.3851	11.1039	5.60743	0
0	5.60918	11.1074	16.3902	21.3657	25.9594	30.1169	33.8056	37.0143	39.7507	42.0388	43.9149	45.4234	46.613	47.533	48.231	48.7505	49.1298	49.4015	49.5926	49.7244	49.8137	49.8731	49.9119	49.9368	49.9524	49.9621	49.968	49.9715	49.9735	49.9747	49.9754	49.9758	49.976	49.9761	49.9761	49.9762	49.9762	49.9762	49.9762	49.9762	49.9762	49.9763	49.9763	49.9764	49.9765	49.9767	49.9771	49.9777	49.9787	49.9802	49.9825	49.986	49.9912	49.9989	50.01	50.0258	50.0479	50.0782	50.1193	50.1741	50.2458	50.3384	50.4557	50.6023	50.7822	50.9998	51.2586	51.5615	51.9104	52.3061	52.7477	53.2329	53.7577	54.3166	54.9027	55.5081	56.1241	56.7414	57.3511	57.9444	58.5136	59.052	59.5542	60.0161	60.4354	60.8109	61.1428	61.4325	61.6821	61.8943	62.0726	62.2203	62.3409	62.4379	62.5142	62.5728	62.6158	62.6452	62.6623	62.668	62.6623	62.6452	62.6158	62.5728	62.5142	62.4379	62.3409	62.2203	62.0726	61.8943	61.6821	61.4325	61.1428	60.8109	60.4354	60.0161	59.5542	59.052	58.5136	57.9444	57.3511	56.7414	56.1241	55.5081	54.9027	54.3166	53.7577	53.2329	52.7477	52.3061	51.9104	51.5615	51.2586	50.9998	50.7822	50.6023	50.4557	50.3384	50.2458	50.1741	50.1193	50.0782	50.0479	50.0258	50.01	49.9989	49.9912	49.986	49.9825	49.9802	49.9787	49.9777	49.9771	49.9767	49.9765	49.9764	49.9763	49.9763	49.9762	49.9762	49.9762	49.9762	49.9762	49.9761	49.9761	49.976	49.9758	49.9754	49.9747	49.9735	49.9715	49.968	49.9621	49.9524	49.9368	49.9119	49.8731	49.8137	49.7244	49.5926	49.4015	49.1298	48.7505	48.231	47.533	46.613	45.4234	43.9149	42.0388	39.7507	37.0143	33.8056	30.1169	25.9594	21.3657	16.3902	11.1074	5.60918	0
